[-252.            0.          271.11020357]
[-343.46137678   39.82661737  287.67844679]
[-483.64155234  116.04439676  -71.24983334]
[-472.70589783  278.63378874 -317.11339407]
[-263.55606327  166.4772872  -471.03952177]
[-263.8447102   165.18243685 -465.65286014]
[-160.53929051  -39.8259935   254.54213084]
[-263.87117626 -134.01881184 -126.25626878]
[-231.0320596  -149.31805654 -479.08890571]
[-263.26423997  166.66597679 -477.52665999]
[-263.40908395  163.71381004 -465.3248606 ]
[-2.51998783e+02 -1.93000576e-02  2.71196215e+02]
[-286.20709505  -90.36469925  449.61201613]
[-371.06112836 -190.08615396  596.42411068]
[-419.65656277 -242.07254263  594.25704839]
[-429.34373451 -253.51587342  690.33457579]
[-246.32462196  -97.69740161  706.19910927]
[-276.13175052 -233.81989626  587.96684589]
[-142.211364   -347.32820524  435.49568104]
[-271.37903063 -416.21286942  277.80950572]
[-250.73414178  -28.25260491  391.28078259]
[-250.42099302  -35.20805484  422.89045243]
[-251.11545601  -25.63071886  378.90555938]
[-251.11545601  -25.63071886  378.90555938]
[-246.32462196  -97.69740161  706.19910927]
[-442.00605809 -119.15427093  535.44030162]
[-521.12407081  -68.69342256  307.73817933]
[-597.3136036  -142.68214309  156.49736162]
[-251.12943099  -37.3902498   439.77477259]
[-250.60017488  -44.7207875   471.99445586]
[-251.47540889  -36.83428639  436.97797724]
[-251.47540889  -36.83428639  436.97797724]
